# Term ID	Term name	num of genes	num of total genes	P-value	P-value corrected
GO:0032204	regulation of telomere maintenance	3	9	8.03332929159e-05	0.0331776499743
GO:0034502	protein localization to chromosome	2	2	0.000100941471453	0.0416888277102
