# Term ID	Term name	num of genes	num of total genes	P-value	P-value corrected	Seed Gene IDs
GO:0035269	protein O-linked mannosylation	8	12	5.01098008982e-07	0.000921519238519	84892;79147;10329;29954;2218;160335;120071;10585
GO:0006487	protein N-linked glycosylation	12	35	7.39855480891e-06	0.0136059422936	91869;79796;4249;56052;200185;2683;144245;64116;6482;440138;57171;29929
