# Term ID	Term name	num of genes	num of total genes	P-value	P-value corrected
GO:0003684	damaged DNA binding	3	31	2.97612457074e-05	0.00101188235405
GO:0098505	G-rich strand telomeric DNA binding	2	9	0.000137248684031	0.00466645525705
GO:0003697	single-stranded DNA binding	3	68	0.000316818664773	0.0107718346023
