#position_values
97,98,99,100,101,102,103,104,105,106,107,108,109,110,111,112,113,114,115,116,117,118,119,120,121,122,123,124,125,126,127,128,129,130,131,132,133,134,135,136,137,138,139,140,141,142,143,144,145,146,147,148,149,150,151,152,153,154,155,156,157,158,159,160,161,162,163,164,165,166,167,168,169,170,171,172,173,174,175,176,177,178,179,180,181,182,183,184,185,186,187,188,189,190,191,192,193,194,195,196,197,198,199,200,201,202,203,204,205,206,207,208,209,210,211,212,213,214,215,216,217,218,219,220,221,222,223,224,225,226,227,228,229,230,231,232,233,234,235,236,237,238,239,240,241,242,243,244,245,246,247,248,249,250,251,252,253,254,255,256,257,258,259,260,261,262,263,264,265,266,267,268,269,270,271,272,273,274,275,276,277,278,279,280,281,282,283,284,285,286,287,288,289,290,291,292,293,294,295,296,297,298,299,300,301,302,303,304,305,306,307,308,309,310,311,312,313,314,315,316,317,318,319,320,321,322,323,324,325,326,327,328,329,330,331,332,333,334,335,336,337,338,339,340,341,342,343,344,345,346,347,348,349,350,351,352,353,354,355,356,357,358,359,360,361,362,363,364,365,366,367,368,369,370,371,372,373,374,375,376,377,378,379,380,381,382,383,384,385,386,387,388,389,390,391,392,393,394,395,396,397,398,399,400,401,402,403,404
#enrichment_values
0.192652450187,0.192692992478,0.191645698925,0.160260946391,0.227397124635,0.269600908889,0.226432466401,0.191272520118,0.266897537207,0.362659905887,0.312230587286,0.361515959054,0.361923071525,0.309230734519,0.222961246879,0.308139352927,0.263460923324,0.358267871724,0.306076228845,0.2604623797,0.355996715172,0.412460162009,0.411009030753,0.411526676669,0.470621133309,0.354439063002,0.408274867088,0.470629743761,0.468514270329,0.603719916996,0.678147340153,0.677259759535,0.677466071181,0.754165189742,0.754534860429,0.753531172681,0.601557064758,0.528807315031,0.527711060193,0.46145979146,0.460118062664,0.398875739969,0.39732703478,0.29041540187,0.395892813969,0.458214528835,0.394487361435,0.457128857083,0.521886008924,0.594489723463,0.748137840044,0.667590368553,0.591449452658,0.590277371194,0.666701876701,0.665699734632,0.517017470369,0.587718800577,0.515812171662,0.663484181042,0.744427763696,0.913094124174,0.827342191353,1.0,0.826813393807,1.0,1.0,0.826064876782,0.740372146201,0.825246403161,0.911667502275,0.824419745712,0.738164802117,0.577950020408,0.654650434465,0.576069797743,0.653170235773,0.653695244521,0.57290888571,0.573849417014,0.497174226035,0.571846689496,0.495047234771,0.496353870883,0.424385674313,0.494021362444,0.490690930999,0.359117994036,0.355593447377,0.356433920521,0.353087280568,0.24625608863,0.243166615219,0.243534274016,0.240647498503,0.195939441755,0.197313207883,0.291610035332,0.291610035332,0.291610035332,0.197313207883,0.127491529461,0.197313207883,0.197313207883,0.291610035332,0.291610035332,0.291610035332,0.291610035332,0.197313207883,0.197313207883,0.197313207883,0.127491529461,0.197313207883,0.197313207883,0.197313207883,0.197313207883,0.291610035332,0.291610035332,0.291610035332,0.291610035332,0.412163432887,0.558076801677,0.558076801677,0.412163432887,0.412163432887,0.558076801677,0.725296981833,0.558076801677,0.725296981833,0.558076801677,0.558076801677,0.558076801677,0.412163432887,0.412163432887,0.558076801677,0.558076801677,0.412163432887,0.412163432887,0.558076801677,0.558076801677,0.558076801677,0.558076801677,0.558076801677,0.558076801677,0.558076801677,0.725296981833,0.725296981833,0.558076801677,0.412163432887,0.412163432887,0.291610035332,0.197313207883,0.197313207883,0.197313207883,0.291610035332,0.412163432887,0.291610035332,0.291610035332,0.412163432887,0.412163432887,0.412163432887,0.291610035332,0.291610035332,0.291610035332,0.291610035332,0.291610035332,0.291610035332,0.291610035332,0.412163432887,0.291610035332,0.197313207883,0.197313207883,0.197313207883,0.197313207883,0.291610035332,0.291610035332,0.291610035332,0.412163432887,0.558076801677,0.725296981833,0.725296981833,0.906761669272,0.906761669272,0.906761669272,0.725296981833,0.558076801677,0.725296981833,0.906761669272,0.906761669272,1.0,0.906761669272,1.0,0.906761669272,0.906761669272,0.906761669272,0.906761669272,0.906761669272,0.906761669272,1.0,1.0,0.906761669272,0.906761669272,1.0,1.0,0.813556566745,0.63713523553,0.63713523553,0.813556566745,0.813556566745,1.0,1.0,0.906761669272,0.906469820288,1.0,1.0,1.0,1.0,0.908015868378,1.0,1.0,0.908820018643,1.0,0.908745728544,0.73220266127,0.819515825456,0.733285649226,0.651577062915,0.571667229394,0.652829922611,0.735407941907,0.821877176738,0.910677455107,0.911280781989,1.0,1.0,1.0,0.911836438441,1.0,0.911813219672,1.0,1.0,0.912449345781,0.826812187705,0.826544147173,0.913105999605,1.0,1.0,1.0,1.0,1.0,1.0,1.0,1.0,0.914738042201,0.914540474131,1.0,0.914817898755,1.0,0.915092193335,0.831810361195,0.749851732271,0.596628531653,0.750620660111,0.751514764897,0.751380999098,0.67370033097,0.60060477635,0.752822957247,0.601558992876,0.675452470139,0.677031083422,0.676314567469,0.67779213629,0.677167435121,0.678547377647,0.678011143024,0.679296744736,0.678845765298,0.757091964158,0.679671379751,0.607085773233,0.536756719137,0.538135116334,0.537847162694,0.412831041499,0.412613786819,0.474798734008,0.474710819471,0.415238541704,0.541203722133,0.611570675439,0.479204962653,0.612429070273,0.545183345289,0.544259568005,0.61503931663,0.762346169638,0.840979775981,0.762889087372,0.61661607531,0.547083023025,0.484292972158,0.483456265887,0.549872589755,0.484446659618,0.550737684295,0.618296581737,0.487089998791
#seed_values
97,98,99,100,101,102,103,104,105,106,107,108,109,110,111,112,113,114,115,116,117,118,119,120,121,122,123,124,125,126,127,128,129,130,131,132,133,134,135,136,137,138,139,140,141,142,143,144,145,146,147,148,149,150,151,152,153,154,155,156,157,158,159,160,161,162,163,164,165,166,167,168,169,170,171,172,173,174,175,176,177,178,179,180,181,182,183,184,185,186,187,188,189,190,191,192,,194,195,196,,,,,,,,,,,,,,,,,,,,,,,,,,,,,,,,,,,,,,,,,,,,,,,,,,,,,,,,,,,,,,,,,,,,,,,,,,,,,,,,,,,,,,,,,,,,,,,,,,,,,,,,,,,,,,,,,,,,,,,,,,,,,,,,,,,,,,,,,,,,,,,,,,,,,,,,,,,,,,,,,,,,,,,,,,,,,,,,,,,,,,,,,,,,,,,,,,,,,,,,,,,,,,,,
#validated_nodes
,,,,,,,,,,,,,,,,,,,,,,,,,,,,,,,,,,,,,,,,,,,,,,,,,,,,,,,,,,,,,,,,,,,,,,,,,,,,,,,,,,,,,,,,,,,,,,,,,,,,,,,,,,,,,,,,,,,,,,,,,,,,,,,,,,,,,,,,,,,,,,,,,,,,,,,,,,,,,,,,,,,,,,,,,,,,,,,,,,,,,,,,,,,,,,,,,,,,,,,,,,,,,,,,,,,,,,,,,,,,,,,,,,,,,,,,,,,,,,,,,,,,,,,,,,,,,,,,,,,,,,,,,,,,,,,,,,,,,,,,,,,,,,,,,,,,,,,,,,,,,,,,,,,
#non_validated_nodes
97,98,99,100,101,102,103,104,105,106,107,108,109,110,111,112,113,114,115,116,117,118,119,120,121,122,123,124,125,126,127,128,129,130,131,132,133,134,135,136,137,138,139,140,141,142,143,144,145,146,147,148,149,150,151,152,153,154,155,156,157,158,159,160,161,162,163,164,165,166,167,168,169,170,171,172,173,174,175,176,177,178,179,180,181,182,183,184,185,186,187,188,189,190,191,192,193,194,195,196,197,198,199,200,201,202,203,204,205,206,207,208,209,210,211,212,213,214,215,216,217,218,219,220,221,222,223,224,225,226,227,228,229,230,231,232,233,234,235,236,237,238,239,240,241,242,243,244,245,246,247,248,249,250,251,252,253,254,255,256,257,258,259,260,261,262,263,264,265,266,267,268,269,270,271,272,273,274,275,276,277,278,279,280,281,282,283,284,285,286,287,288,289,290,291,292,293,294,295,296,297,298,299,300,301,302,303,304,305,306,307,308,309,310,311,312,313,314,315,316,317,318,319,320,321,322,323,324,325,326,327,328,329,330,331,332,333,334,335,336,337,338,339,340,341,342,343,344,345,346,347,348,349,350,351,352,353,354,355,356,357,358,359,360,361,362,363,364,365,366,367,368,369,370,371,372,373,374,375,376,377,378,379,380,381,382,383,384,385,386,387,388,389,390,391,392,393,394,395,396,397,398,399,400,401,402,403,404
#cut-off right interval
0
#range
1,500
