# Term ID	Term name	num of genes	num of total genes	P-value	P-value corrected
GO:0004713	protein tyrosine kinase activity	19	52	2.18599211502e-07	0.000166572599165
GO:0005159	insulin-like growth factor receptor binding	4	4	9.55344919948e-05	0.0348229874971
GO:0050321	tau-protein kinase activity	6	10	0.000137098375973	0.0348229874971
