# Term ID	Term name	num of genes	num of total genes	P-value	P-value corrected
GO:0003684	damaged DNA binding	11	31	7.63330892455e-12	1.95412708468e-09
GO:0008320	protein transmembrane transporter activity	6	10	1.06168961416e-08	2.71792541224e-06
