# Term ID	Term name	num of genes	num of total genes	P-value	P-value corrected	Seed Gene IDs
GO:0035269	protein O-linked mannosylation	8	12	4.96301674429e-07	0.000931061941229	84892;79147;10329;29954;2218;160335;120071;10585
GO:0006487	protein N-linked glycosylation	12	35	7.30429513116e-06	0.0137028576661	91869;79796;4249;56052;200185;2683;144245;64116;6482;440138;57171;29929
