# Term ID	Term name	num of genes	num of total genes	P-value	P-value corrected	Seed Gene IDs
GO:0035269	protein O-linked mannosylation	7	12	1.89124774924e-08	1.71347046081e-05	84892;79147;29954;2218;160335;120071;10585
GO:0006493	protein O-linked glycosylation	7	26	1.07601340361e-05	0.00487434071836	84892;2591;148789;29071;2589;2218;55568
GO:0097503	sialylation	3	4	0.000118229225923	0.0357052262287	6482;6480;6484
