# Term ID	Term name	num of genes	num of total genes	P-value	P-value corrected	Seed Gene IDs
GO:0008476	protein-tyrosine sulfotransferase activity	2	2	0.000364081793351	0.0300367479514	8460;8459
GO:0016780	phosphotransferase activity, for other substituted phosphate groups	2	2	0.000364081793351	0.0300367479514	79147;2218
