# Term ID	Term name	num of genes	num of total genes	P-value	P-value corrected	Seed Gene IDs
GO:0003684	damaged DNA binding	3	31	5.34465197843e-06	0.000213786079137	6118;6119;6117
GO:0098505	G-rich strand telomeric DNA binding	2	9	4.55899947697e-05	0.00182359979079	6118;6117
GO:0003697	single-stranded DNA binding	3	68	5.82245407175e-05	0.0023289816287	6118;6119;6117
GO:0160123	structural constituent of nuclear lamina	1	1	0.00118877793627	0.0475511174506	4000
