#Position	OddsRatio	P-value
10	258.966666667	7.64831155411e-21
11	162.133333333	6.45261396695e-19
12	113.75	3.95943584072e-17
13	84.7466666667	1.87958707813e-15
14	84.56	1.93447514841e-15
15	65.2888888889	7.36058872873e-14
16	51.5428571429	2.30498927186e-12
17	41.25	6.03695907801e-11
18	33.2592592593	1.33611733089e-09
19	26.88	2.51355197366e-08
20	20.3181818182	5.81885099444e-07
21	15.3039215686	1.0341377732e-05
22	15.3039215686	1.0341377732e-05
23	11.4102564103	0.000140551360632
24	8.34586466165	0.00144754630178
25	8.34586466165	0.00144754630178
26	8.34586466165	0.00144754630178
27	5.90666666667	0.0111193088662
28	3.94642857143	0.0621263423907
29	2.35828877005	0.24296946125
30	3.94642857143	0.0621263423907
31	3.94642857143	0.0621263423907
32	3.94642857143	0.0621263423907
33	3.94642857143	0.0621263423907
34	3.94642857143	0.0621263423907
35	5.90666666667	0.0111193088662
36	5.90666666667	0.0111193088662
37	5.90666666667	0.0111193088662
38	5.90666666667	0.0111193088662
39	5.90666666667	0.0111193088662
40	5.90666666667	0.0111193088662
41	5.90666666667	0.0111193088662
42	5.90666666667	0.0111193088662
43	5.90666666667	0.0111193088662
44	3.94642857143	0.0621263423907
45	2.35828877005	0.24296946125
46	2.35828877005	0.24296946125
47	2.35828877005	0.24296946125
48	2.35828877005	0.24296946125
49	1.06280193237	1.0
50	2.35828877005	0.24296946125
51	2.35828877005	0.24296946125
52	2.35828877005	0.24296946125
53	2.35828877005	0.24296946125
54	1.06280193237	1.0
55	1.06280193237	1.0
56	1.06280193237	1.0
57	1.06280193237	1.0
58	1.06280193237	1.0
59	1.06280193237	1.0
60	1.06280193237	1.0
61	1.06280193237	1.0
62	1.06280193237	1.0
63	1.06280193237	1.0
64	1.06280193237	1.0
65	1.06280193237	1.0
66	1.06280193237	1.0
67	1.06280193237	1.0
68	1.06280193237	1.0
69	0.0	0.614725529386
70	0.0	0.614725529386
71	0.0	0.614725529386
72	0.0	0.614725529386
73	0.0	0.614725529386
74	0.0	0.614725529386
75	0.0	0.614725529386
76	0.0	0.614725529386
77	0.0	0.614725529386
78	0.0	0.614725529386
79	1.06280193237	1.0
80	1.06280193237	1.0
81	1.06280193237	1.0
82	2.35828877005	0.24296946125
83	2.35828877005	0.24296946125
84	2.35828877005	0.24296946125
85	2.35828877005	0.24296946125
86	2.35828877005	0.24296946125
87	2.35828877005	0.24296946125
88	2.35828877005	0.24296946125
89	2.35828877005	0.24296946125
90	2.35828877005	0.24296946125
91	2.35828877005	0.24296946125
92	2.35828877005	0.24296946125
93	2.35828877005	0.24296946125
94	2.35828877005	0.24296946125
95	2.35828877005	0.24296946125
96	2.35828877005	0.24296946125
97	2.35828877005	0.24296946125
98	1.06280193237	1.0
99	1.06280193237	1.0
100	1.06280193237	1.0
101	0.0	0.614725529386
102	0.0	0.614725529386
103	0.0	0.614725529386
104	0.0	0.614725529386
105	0.0	0.614725529386
106	0.0	0.614725529386
107	0.0	0.614725529386
108	0.0	0.614725529386
109	0.0	0.614725529386
110	0.0	0.614725529386
111	0.0	0.614725529386
112	0.0	0.614725529386
113	0.0	0.614725529386
114	1.06280193237	1.0
115	1.06280193237	1.0
116	1.06280193237	1.0
117	1.06280193237	1.0
118	1.06280193237	1.0
119	2.35828877005	0.24296946125
120	2.35828877005	0.24296946125
121	2.35828877005	0.24296946125
122	2.35828877005	0.24296946125
123	2.35828877005	0.24296946125
124	2.35828877005	0.24296946125
125	2.35828877005	0.24296946125
126	2.35828877005	0.24296946125
127	2.35828877005	0.24296946125
128	2.35828877005	0.24296946125
129	2.35828877005	0.24296946125
130	3.94642857143	0.0621263423907
131	3.94642857143	0.0621263423907
132	3.94642857143	0.0621263423907
133	2.35828877005	0.24296946125
134	3.94642857143	0.0621263423907
135	3.94642857143	0.0621263423907
136	3.94642857143	0.0621263423907
137	3.94642857143	0.0621263423907
138	2.35828877005	0.24296946125
139	2.35828877005	0.24296946125
140	2.35828877005	0.24296946125
141	2.35828877005	0.24296946125
142	2.35828877005	0.24296946125
143	2.35828877005	0.24296946125
144	2.35828877005	0.24296946125
145	2.35828877005	0.24296946125
146	2.35828877005	0.24296946125
147	2.35828877005	0.24296946125
148	2.35828877005	0.24296946125
149	1.06280193237	1.0
150	1.06280193237	1.0
151	1.06280193237	1.0
152	1.06280193237	1.0
153	0.0	0.614725529386
154	0.0	0.614725529386
155	0.0	0.614725529386
156	0.0	0.614725529386
157	0.0	0.614725529386
158	0.0	0.614725529386
159	0.0	0.614725529386
160	0.0	0.614725529386
161	0.0	0.614725529386
162	0.0	0.614725529386
163	0.0	0.614725529386
164	0.0	0.614725529386
165	0.0	0.614725529386
166	0.0	0.614725529386
167	0.0	0.614725529386
168	0.0	0.614725529386
169	0.0	0.614725529386
170	0.0	0.614725529386
171	0.0	0.614725529386
172	0.0	0.614725529386
173	0.0	0.614725529386
174	0.0	0.614725529386
175	0.0	0.614725529386
176	0.0	0.614725529386
177	0.0	0.614725529386
178	0.0	0.614725529386
179	0.0	0.614725529386
180	0.0	0.614725529386
181	0.0	0.614725529386
182	0.0	0.614725529386
183	0.0	0.614725529386
184	0.0	0.614725529386
185	0.0	0.614725529386
186	0.0	0.614725529386
187	0.0	0.614725529386
188	0.0	0.614725529386
189	0.0	0.614725529386
190	0.0	0.614725529386
191	0.0	0.614725529386
192	1.06280193237	1.0
193	1.06280193237	1.0
194	1.06280193237	1.0
195	1.06280193237	1.0
196	1.06280193237	1.0
197	1.06280193237	1.0
198	1.06280193237	1.0
199	1.06280193237	1.0
200	1.06280193237	1.0
201	1.06280193237	1.0
202	1.06280193237	1.0
203	1.06280193237	1.0
204	1.06280193237	1.0
205	1.06280193237	1.0
206	1.06280193237	1.0
207	1.06280193237	1.0
208	1.06280193237	1.0
209	1.06280193237	1.0
210	1.06280193237	1.0
211	0.0	0.614725529386
212	0.0	0.614725529386
213	0.0	0.614725529386
214	0.0	0.614725529386
215	0.0	0.614725529386
216	0.0	0.614725529386
217	0.0	0.614725529386
218	0.0	0.614725529386
219	0.0	0.614725529386
220	0.0	0.614725529386
221	0.0	0.614725529386
222	0.0	0.614725529386
223	0.0	0.614725529386
224	0.0	0.614725529386
225	0.0	0.614725529386
226	0.0	0.614725529386
227	0.0	0.614725529386
228	0.0	0.614725529386
229	0.0	0.614725529386
230	0.0	0.614725529386
231	0.0	0.614725529386
232	0.0	0.614725529386
233	0.0	0.614725529386
234	0.0	0.614725529386
235	0.0	0.614725529386
236	1.06280193237	1.0
237	1.06280193237	1.0
238	1.06280193237	1.0
239	1.06280193237	1.0
240	1.06280193237	1.0
241	1.06280193237	1.0
242	1.06280193237	1.0
243	1.06280193237	1.0
244	1.06280193237	1.0
245	1.06280193237	1.0
246	1.06280193237	1.0
247	1.06280193237	1.0
248	1.06280193237	1.0
249	1.06280193237	1.0
250	1.06280193237	1.0
251	1.06280193237	1.0
252	1.06280193237	1.0
253	1.06280193237	1.0
254	1.06280193237	1.0
255	0.0	0.614725529386
256	0.0	0.614725529386
257	0.0	0.614725529386
258	0.0	0.614725529386
259	0.0	0.614725529386
260	0.0	0.614725529386
261	0.0	0.614725529386
262	0.0	0.614725529386
263	0.0	0.614725529386
264	0.0	0.614725529386
265	0.0	0.614725529386
266	0.0	0.614725529386
267	0.0	0.614725529386
268	0.0	0.614725529386
269	0.0	0.614725529386
270	0.0	0.614725529386
271	0.0	0.614725529386
272	0.0	0.614725529386
273	0.0	0.614725529386
274	0.0	0.614725529386
275	0.0	0.614725529386
276	0.0	0.614725529386
277	0.0	0.614725529386
278	0.0	0.614725529386
279	0.0	0.614725529386
280	0.0	0.614725529386
281	0.0	0.614725529386
282	0.0	0.614725529386
283	0.0	0.614725529386
284	0.0	0.614725529386
285	0.0	0.614725529386
286	0.0	0.614725529386
287	0.0	0.614725529386
288	0.0	0.614725529386
289	0.0	0.614725529386
290	0.0	0.614725529386
291	0.0	0.614725529386
292	0.0	0.614725529386
293	0.0	0.614725529386
294	0.0	0.614725529386
295	0.0	0.614725529386
296	0.0	0.614725529386
297	0.0	0.614725529386
298	0.0	0.614725529386
299	0.0	0.614725529386
300	0.0	0.614725529386
301	0.0	0.614725529386
302	0.0	0.614725529386
303	0.0	0.614725529386
304	0.0	0.614725529386
305	0.0	0.614725529386
306	0.0	0.614725529386
307	0.0	0.614725529386
308	0.0	0.614725529386
309	0.0	0.614725529386
310	0.0	0.614725529386
311	0.0	0.614725529386
312	0.0	0.614725529386
313	0.0	0.614725529386
314	0.0	0.614725529386
315	0.0	0.614725529386
316	0.0	0.614725529386
317	0.0	0.614725529386
318	0.0	0.614725529386
319	0.0	0.614725529386
320	0.0	0.614725529386
321	0.0	0.614725529386
322	0.0	0.614725529386
323	0.0	0.614725529386
324	0.0	0.614725529386
325	0.0	0.614725529386
326	0.0	0.614725529386
327	0.0	0.614725529386
328	0.0	0.614725529386
329	0.0	0.614725529386
330	0.0	0.614725529386
331	0.0	0.614725529386
332	0.0	0.614725529386
333	0.0	0.614725529386
334	0.0	0.614725529386
335	0.0	0.614725529386
336	0.0	0.614725529386
337	0.0	0.614725529386
338	0.0	0.614725529386
339	0.0	0.614725529386
340	0.0	0.614725529386
341	0.0	0.614725529386
342	0.0	0.614725529386
343	0.0	0.614725529386
344	0.0	0.614725529386
345	0.0	0.614725529386
346	0.0	0.614725529386
347	0.0	0.614725529386
348	0.0	0.614725529386
349	0.0	0.614725529386
350	0.0	0.614725529386
351	0.0	0.614725529386
352	0.0	0.614725529386
353	0.0	0.614725529386
354	1.06280193237	1.0
355	1.06280193237	1.0
356	1.06280193237	1.0
357	1.06280193237	1.0
358	1.06280193237	1.0
359	1.06280193237	1.0
360	1.06280193237	1.0
361	1.06280193237	1.0
362	1.06280193237	1.0
363	1.06280193237	1.0
364	1.06280193237	1.0
365	1.06280193237	1.0
366	1.06280193237	1.0
367	1.06280193237	1.0
368	1.06280193237	1.0
369	1.06280193237	1.0
370	1.06280193237	1.0
371	1.06280193237	1.0
372	1.06280193237	1.0
373	0.0	0.614725529386
374	0.0	0.614725529386
375	0.0	0.614725529386
376	0.0	0.614725529386
377	0.0	0.614725529386
378	0.0	0.614725529386
379	0.0	0.614725529386
380	0.0	0.614725529386
381	0.0	0.614725529386
382	0.0	0.614725529386
383	0.0	0.614725529386
384	0.0	0.614725529386
385	0.0	0.614725529386
386	0.0	0.614725529386
387	0.0	0.614725529386
388	0.0	0.614725529386
389	0.0	0.614725529386
390	0.0	0.614725529386
391	0.0	0.614725529386
392	0.0	0.614725529386
393	0.0	0.614725529386
394	0.0	0.614725529386
395	0.0	0.614725529386
396	0.0	0.614725529386
397	0.0	0.614725529386
398	0.0	0.614725529386
399	0.0	0.614725529386
400	0.0	0.614725529386
401	0.0	0.614725529386
402	0.0	0.614725529386
403	0.0	0.614725529386
404	0.0	0.614725529386
405	0.0	0.614725529386
406	0.0	0.614725529386
407	0.0	0.614725529386
408	0.0	0.614725529386
409	0.0	0.614725529386
410	0.0	0.614725529386
411	0.0	0.614725529386
412	0.0	0.614725529386
413	0.0	0.614725529386
414	0.0	0.614725529386
415	0.0	0.614725529386
416	0.0	0.614725529386
417	0.0	0.614725529386
418	0.0	0.614725529386
419	0.0	0.614725529386
420	0.0	0.614725529386
421	0.0	0.614725529386
422	0.0	0.614725529386
423	0.0	0.614725529386
424	0.0	0.614725529386
425	0.0	0.614725529386
426	0.0	0.614725529386
427	0.0	0.614725529386
428	0.0	0.614725529386
429	0.0	0.614725529386
430	0.0	0.614725529386
431	0.0	0.614725529386
432	0.0	0.614725529386
433	0.0	0.614725529386
434	0.0	0.614725529386
435	0.0	0.614725529386
436	0.0	0.614725529386
437	0.0	0.614725529386
438	0.0	0.614725529386
439	0.0	0.614725529386
440	0.0	0.614725529386
441	0.0	0.614725529386
442	0.0	0.614725529386
443	0.0	0.614725529386
444	0.0	0.614725529386
445	0.0	0.614725529386
446	0.0	0.614725529386
447	0.0	0.614725529386
448	0.0	0.614725529386
449	0.0	0.614725529386
450	0.0	0.614725529386
451	0.0	0.614725529386
452	0.0	0.614725529386
453	0.0	0.614725529386
454	0.0	0.614725529386
455	0.0	0.614725529386
456	0.0	0.614725529386
457	0.0	0.614725529386
458	0.0	0.614725529386
459	0.0	0.614725529386
460	0.0	0.614725529386
461	0.0	0.614725529386
462	0.0	0.614725529386
463	0.0	0.614725529386
464	1.06280193237	1.0
465	1.06280193237	1.0
466	1.06280193237	1.0
467	1.06280193237	1.0
468	1.06280193237	1.0
469	1.06280193237	1.0
470	1.06280193237	1.0
471	1.06280193237	1.0
472	1.06280193237	1.0
473	1.06280193237	1.0
474	1.06280193237	1.0
475	1.06280193237	1.0
476	1.06280193237	1.0
477	1.06280193237	1.0
478	1.06280193237	1.0
479	1.06280193237	1.0
480	1.06280193237	1.0
481	1.06280193237	1.0
482	1.06280193237	1.0
483	0.0	0.614774366307
484	0.0	0.614824786625
485	0.0	0.614876775553
486	0.0	0.614930318433
487	0.0	0.61498540073
488	0.0	0.615042008037
489	0.0	0.61510012607
490	0.0	0.615159740664
491	0.0	0.615220837779
