# Term ID	Term name	num of genes	num of total genes	P-value	P-value corrected
GO:0005125	cytokine activity	17	50	3.08530498011e-06	0.00239728196955
GO:0003714	transcription corepressor activity	28	115	5.0060145766e-06	0.00388967332602
GO:0000976	transcription cis-regulatory region binding	40	208	2.77081001485e-05	0.0215291938154
