# Term ID	Term name	num of genes	num of total genes	P-value	P-value corrected
GO:0043426	MRF binding	4	4	2.59297501134e-06	0.00124203503043
GO:0030332	cyclin binding	5	8	5.23013015174e-06	0.00250523234268
GO:0004721	phosphoprotein phosphatase activity	7	22	1.63904522129e-05	0.00785102660996
