#Position	OddsRatio	P-value
8	132.571428571	1.07673834261e-14
9	90.9464285714	5.96417277615e-13
10	97.9423076923	3.44248439285e-13
11	71.0769230769	1.51228257115e-11
12	53.1923076923	5.24444890163e-10
13	40.4395604396	1.46509463825e-08
14	30.8942307692	3.33228427525e-07
15	30.8269230769	3.37949552588e-07
16	21.7619047619	8.69531511562e-06
17	15.2	0.000161467957608
18	10.3409090909	0.00214056809898
19	6.67647058824	0.0197972458309
20	6.67647058824	0.0197972458309
21	3.87179487179	0.122568164937
22	3.87179487179	0.122568164937
23	1.6992481203	0.47260746084
24	1.6992481203	0.47260746084
25	0.0	1.0
26	0.0	1.0
27	0.0	1.0
28	0.0	1.0
29	0.0	1.0
30	0.0	1.0
31	0.0	1.0
32	0.0	1.0
33	0.0	1.0
34	1.6992481203	0.47260746084
35	1.6992481203	0.47260746084
36	1.6992481203	0.47260746084
37	3.87179487179	0.122568164937
38	3.87179487179	0.122568164937
39	3.87179487179	0.122568164937
40	3.87179487179	0.122568164937
41	3.87179487179	0.122568164937
42	3.87179487179	0.122568164937
43	6.67647058824	0.0197972458309
44	6.67647058824	0.0197972458309
45	6.67647058824	0.0197972458309
46	6.67647058824	0.0197972458309
47	6.67647058824	0.0197972458309
48	6.67647058824	0.0197972458309
49	3.87179487179	0.122568164937
50	3.87179487179	0.122568164937
51	3.87179487179	0.122568164937
52	1.6992481203	0.47260746084
53	1.6992481203	0.47260746084
54	1.6992481203	0.47260746084
55	1.6992481203	0.47260746084
56	1.6992481203	0.47260746084
57	1.6992481203	0.47260746084
58	1.6992481203	0.47260746084
59	1.6992481203	0.47260746084
60	1.6992481203	0.47260746084
61	1.6992481203	0.47260746084
62	1.6992481203	0.47260746084
63	1.6992481203	0.47260746084
64	1.6992481203	0.47260746084
65	1.6992481203	0.47260746084
66	1.6992481203	0.47260746084
67	1.6992481203	0.47260746084
68	1.6992481203	0.47260746084
69	1.6992481203	0.47260746084
70	1.6992481203	0.47260746084
71	1.6992481203	0.47260746084
72	1.6992481203	0.47260746084
73	0.0	1.0
74	0.0	1.0
75	0.0	1.0
76	0.0	1.0
77	0.0	1.0
78	0.0	1.0
79	0.0	1.0
80	0.0	1.0
81	0.0	1.0
82	0.0	1.0
83	0.0	1.0
84	0.0	1.0
85	0.0	1.0
86	0.0	1.0
87	0.0	1.0
88	0.0	1.0
89	0.0	1.0
90	0.0	1.0
91	0.0	1.0
92	0.0	1.0
93	0.0	1.0
94	0.0	1.0
95	0.0	1.0
96	0.0	1.0
97	0.0	1.0
98	0.0	1.0
99	0.0	1.0
100	0.0	1.0
101	0.0	1.0
102	0.0	1.0
103	0.0	1.0
104	0.0	1.0
105	0.0	1.0
106	1.6992481203	0.47260746084
107	1.6992481203	0.47260746084
108	1.6992481203	0.47260746084
109	1.6992481203	0.47260746084
110	1.6992481203	0.47260746084
111	1.6992481203	0.47260746084
112	1.6992481203	0.47260746084
113	3.87179487179	0.122568164937
114	3.87179487179	0.122568164937
115	3.87179487179	0.122568164937
116	3.87179487179	0.122568164937
117	3.87179487179	0.122568164937
118	3.87179487179	0.122568164937
119	3.87179487179	0.122568164937
120	3.87179487179	0.122568164937
121	1.6992481203	0.47260746084
122	1.6992481203	0.47260746084
123	1.6992481203	0.47260746084
124	1.6992481203	0.47260746084
125	1.6992481203	0.47260746084
126	1.6992481203	0.47260746084
127	1.6992481203	0.47260746084
128	0.0	1.0
129	0.0	1.0
130	0.0	1.0
131	0.0	1.0
132	0.0	1.0
133	0.0	1.0
134	0.0	1.0
135	0.0	1.0
136	0.0	1.0
137	0.0	1.0
138	0.0	1.0
139	0.0	1.0
140	0.0	1.0
141	0.0	1.0
142	0.0	1.0
143	0.0	1.0
144	0.0	1.0
145	0.0	1.0
146	0.0	1.0
147	0.0	1.0
148	0.0	1.0
149	0.0	1.0
150	0.0	1.0
151	0.0	1.0
152	0.0	1.0
153	0.0	1.0
154	0.0	1.0
155	0.0	1.0
156	0.0	1.0
157	0.0	1.0
158	0.0	1.0
159	0.0	1.0
160	0.0	1.0
161	0.0	1.0
162	0.0	1.0
163	0.0	1.0
164	0.0	1.0
165	0.0	1.0
166	0.0	1.0
167	0.0	1.0
168	0.0	1.0
169	0.0	1.0
170	0.0	1.0
171	0.0	1.0
172	0.0	1.0
173	0.0	1.0
174	0.0	1.0
175	0.0	1.0
176	0.0	1.0
177	0.0	1.0
178	0.0	1.0
179	0.0	1.0
180	0.0	1.0
181	0.0	1.0
182	0.0	1.0
183	0.0	1.0
184	0.0	1.0
185	0.0	1.0
186	0.0	1.0
187	0.0	1.0
188	0.0	1.0
189	0.0	1.0
190	0.0	1.0
191	0.0	1.0
192	0.0	1.0
193	0.0	1.0
194	0.0	1.0
195	0.0	1.0
196	0.0	1.0
197	0.0	1.0
198	0.0	1.0
199	0.0	1.0
200	0.0	1.0
201	0.0	1.0
202	0.0	1.0
203	0.0	1.0
204	0.0	1.0
205	0.0	1.0
206	0.0	1.0
207	0.0	1.0
208	0.0	1.0
209	0.0	1.0
210	0.0	1.0
211	0.0	1.0
212	0.0	1.0
213	0.0	1.0
214	0.0	1.0
215	0.0	1.0
216	0.0	1.0
217	0.0	1.0
218	0.0	1.0
219	0.0	1.0
220	0.0	1.0
221	0.0	1.0
222	0.0	1.0
223	0.0	1.0
224	0.0	1.0
225	0.0	1.0
226	0.0	1.0
227	0.0	1.0
228	0.0	1.0
229	0.0	1.0
230	0.0	1.0
231	0.0	1.0
232	0.0	1.0
233	0.0	1.0
234	0.0	1.0
235	0.0	1.0
236	0.0	1.0
237	0.0	1.0
238	0.0	1.0
239	0.0	1.0
240	0.0	1.0
241	0.0	1.0
242	0.0	1.0
243	0.0	1.0
244	0.0	1.0
245	0.0	1.0
246	0.0	1.0
247	0.0	1.0
248	0.0	1.0
249	0.0	1.0
250	0.0	1.0
251	1.6992481203	0.47260746084
252	1.6992481203	0.47260746084
253	1.6992481203	0.47260746084
254	1.6992481203	0.47260746084
255	1.6992481203	0.47260746084
256	1.6992481203	0.47260746084
257	1.6992481203	0.47260746084
258	1.6992481203	0.47260746084
259	1.6992481203	0.47260746084
260	1.6992481203	0.47260746084
261	1.6992481203	0.47260746084
262	1.6992481203	0.47260746084
263	1.6992481203	0.47260746084
264	1.6992481203	0.47260746084
265	1.6992481203	0.47260746084
266	0.0	1.0
267	0.0	1.0
268	0.0	1.0
269	0.0	1.0
270	0.0	1.0
271	0.0	1.0
272	0.0	1.0
273	0.0	1.0
274	0.0	1.0
275	0.0	1.0
276	0.0	1.0
277	0.0	1.0
278	0.0	1.0
279	0.0	1.0
280	0.0	1.0
281	0.0	1.0
282	0.0	1.0
283	0.0	1.0
284	0.0	1.0
285	0.0	1.0
286	0.0	1.0
287	0.0	1.0
288	0.0	1.0
289	0.0	1.0
290	0.0	1.0
291	0.0	1.0
292	0.0	1.0
293	0.0	1.0
294	1.6992481203	0.47260746084
295	1.6992481203	0.47260746084
296	1.6992481203	0.47260746084
297	1.6992481203	0.47260746084
298	1.6992481203	0.47260746084
299	1.6992481203	0.47260746084
300	1.6992481203	0.47260746084
301	1.6992481203	0.47260746084
302	1.6992481203	0.47260746084
303	1.6992481203	0.47260746084
304	1.6992481203	0.47260746084
305	1.6992481203	0.47260746084
306	1.6992481203	0.47260746084
307	1.6992481203	0.47260746084
308	1.6992481203	0.47260746084
309	0.0	1.0
310	0.0	1.0
311	0.0	1.0
312	0.0	1.0
313	0.0	1.0
314	0.0	1.0
315	0.0	1.0
316	0.0	1.0
317	0.0	1.0
318	0.0	1.0
319	0.0	1.0
320	0.0	1.0
321	0.0	1.0
322	0.0	1.0
323	0.0	1.0
324	0.0	1.0
325	0.0	1.0
326	0.0	1.0
327	0.0	1.0
328	0.0	1.0
329	0.0	1.0
330	0.0	1.0
331	0.0	1.0
332	0.0	1.0
333	0.0	1.0
334	0.0	1.0
335	0.0	1.0
336	0.0	1.0
337	0.0	1.0
338	0.0	1.0
339	0.0	1.0
340	0.0	1.0
341	0.0	1.0
342	0.0	1.0
343	0.0	1.0
344	0.0	1.0
345	0.0	1.0
346	0.0	1.0
347	0.0	1.0
348	0.0	1.0
349	0.0	1.0
350	0.0	1.0
351	0.0	1.0
352	0.0	1.0
353	0.0	1.0
354	0.0	1.0
355	0.0	1.0
356	0.0	1.0
357	0.0	1.0
358	0.0	1.0
359	0.0	1.0
360	0.0	1.0
361	0.0	1.0
362	0.0	1.0
363	0.0	1.0
364	0.0	1.0
365	0.0	1.0
366	0.0	1.0
367	1.6992481203	0.47260746084
368	1.6992481203	0.47260746084
369	1.6992481203	0.47260746084
370	1.6992481203	0.47260746084
371	1.6992481203	0.47260746084
372	1.6992481203	0.47260746084
373	1.6992481203	0.47260746084
374	1.6992481203	0.47260746084
375	1.6992481203	0.47260746084
376	1.6992481203	0.47260746084
377	1.6992481203	0.47260746084
378	1.6992481203	0.47260746084
379	1.6992481203	0.47260746084
380	1.6992481203	0.47260746084
381	1.6992481203	0.47260746084
382	0.0	1.0
383	0.0	1.0
384	0.0	1.0
385	0.0	1.0
386	0.0	1.0
387	0.0	1.0
388	1.6992481203	0.47260746084
389	1.6992481203	0.47260746084
390	1.6992481203	0.47260746084
391	1.6992481203	0.47260746084
392	1.6992481203	0.47260746084
393	1.6992481203	0.47260746084
394	1.6992481203	0.47260746084
395	1.6992481203	0.47260746084
396	1.6992481203	0.47260746084
397	1.6992481203	0.47260746084
398	1.6992481203	0.47260746084
399	1.6992481203	0.47260746084
400	1.6992481203	0.47260746084
401	1.6992481203	0.47260746084
402	1.6992481203	0.47260746084
403	0.0	1.0
404	0.0	1.0
405	0.0	1.0
406	0.0	1.0
407	0.0	1.0
408	0.0	1.0
409	0.0	1.0
410	0.0	1.0
411	0.0	1.0
412	0.0	1.0
413	0.0	1.0
414	0.0	1.0
415	1.6992481203	0.47260746084
416	1.6992481203	0.47260746084
417	1.6992481203	0.47260746084
418	1.6992481203	0.47260746084
419	1.6992481203	0.47260746084
420	1.6992481203	0.47260746084
421	1.6992481203	0.47260746084
422	1.6992481203	0.47260746084
423	1.6992481203	0.47260746084
424	1.6992481203	0.47260746084
425	1.6992481203	0.47260746084
426	1.6992481203	0.47260746084
427	1.6992481203	0.47260746084
428	1.6992481203	0.47260746084
429	1.6992481203	0.47260746084
430	0.0	1.0
431	0.0	1.0
432	0.0	1.0
433	0.0	1.0
434	0.0	1.0
435	0.0	1.0
436	0.0	1.0
437	0.0	1.0
438	0.0	1.0
439	0.0	1.0
440	0.0	1.0
441	0.0	1.0
442	0.0	1.0
443	0.0	1.0
444	0.0	1.0
445	0.0	1.0
446	0.0	1.0
447	0.0	1.0
448	0.0	1.0
449	0.0	1.0
450	0.0	1.0
451	0.0	1.0
452	0.0	1.0
453	0.0	1.0
454	0.0	1.0
455	0.0	1.0
456	0.0	1.0
457	0.0	1.0
458	0.0	1.0
459	0.0	1.0
460	0.0	1.0
461	0.0	1.0
462	0.0	1.0
463	1.6992481203	0.47260746084
464	1.6992481203	0.47260746084
465	1.6992481203	0.47260746084
466	1.6992481203	0.47260746084
467	1.6992481203	0.47260746084
468	1.6992481203	0.47260746084
469	1.6992481203	0.47260746084
470	1.6992481203	0.47260746084
471	1.6992481203	0.47260746084
472	1.6992481203	0.47260746084
473	3.87179487179	0.122568164937
474	3.87179487179	0.122568164937
475	3.87179487179	0.122568164937
476	3.87179487179	0.122568164937
477	3.87179487179	0.122568164937
478	1.6992481203	0.47260746084
479	1.6992481203	0.47260746084
480	1.6992481203	0.47260746084
481	1.6992481203	0.47260746084
482	1.6992481203	0.47260746084
483	1.6992481203	0.47260746084
484	1.6992481203	0.47260746084
485	1.6992481203	0.47260746084
486	1.6992481203	0.47260746084
487	1.7030075188	0.471888694318
488	0.0	1.0
489	0.0	1.0
490	0.0	1.0
491	0.0	1.0
492	0.0	1.0
493	0.0	1.0
